892.847961      0.000061
269.164459
194.778473
160.289963
139.357971
124.932449
114.217339
105.853302
99.089523
93.473007
88.712112
84.609444
81.025993
77.860672
75.037956
72.500145
70.202278
68.108749
66.190933
64.425529
62.793327
61.278370
59.867233
58.548569
57.312675
56.151234
55.057049
54.023849
53.046169
52.119198
51.238693
50.400887
49.602428
48.840328
48.111900
47.414730
46.746643
46.105659
45.489998
44.898026
44.328262
43.779343
43.250023
42.739170
42.245720
41.768711
41.307247
40.860493
40.427689
40.008118
39.601116
39.206066
38.822392
38.449562
38.087067
37.734436
37.391232
37.057037
36.731461
36.414146
36.104740
35.802925
35.508385
35.220840
34.940014
34.665642
34.397488
34.135315
33.878906
33.628048
33.382545
33.142212
32.906860
32.676327
32.450443
32.229061
32.012028
31.799204
31.590452
31.385645
31.184658
30.987375
30.793682
30.603474
30.416641
30.233089
30.052719
29.875444
29.701174
29.529821
29.361309
29.195557
29.032492
28.872040
28.714132
28.558702
28.405685
28.255020
28.106646
27.960503
27.816538
27.674696
27.534927
27.397177
27.261400
27.127550
26.995579
26.865444
26.737104
26.610518
26.485643
26.362442
26.240881
26.120916
26.002522
25.885658
25.770292
25.656393
25.543930
25.432875
25.323193
25.214861
25.107849
25.002131
24.897682
24.794474
24.692482
24.591684
24.492060
24.393581
24.296230
24.199980
24.104816
24.010714
23.917656
23.825623
23.734594
23.644552
23.555479
23.467358
23.380173
23.293903
23.208540
23.124060
23.040451
22.957699
22.875788
22.794704
22.714432
22.634962
22.556276
22.478365
22.401213
22.324812
22.249144
22.174200
22.099972
22.026442
21.953604
21.881445
21.809956
21.739122
21.668940
21.599396
21.530478
21.462181
21.394495
21.327410
21.260914
21.195004
21.129665
21.064896
21.000685
20.937021
20.873901
20.811316
20.749256
20.687717
20.626690
20.566168
20.506144
20.446611
20.387562
20.328991
20.270891
20.213257
20.156080
20.099360
20.043083
19.987246
19.931847
19.876875
19.822329
19.768198
19.714481
19.661173
19.608269
19.555759
19.503643
19.451914
19.400568
19.349600
19.299004
19.248777
19.198915
19.149412
19.100267
19.051470
19.003021
18.954914
18.907148
18.859715
18.812613
18.765837
18.719385
18.673252
18.627436
18.581930
18.536734
18.491842
18.447254
18.402962
18.358965
18.315260
18.271843
18.228710
18.185860
18.143290
18.100994
18.058971
18.017220
17.975733
17.934513
17.893551
17.852850
17.812405
17.772211
17.732269
17.692574
17.653124
17.613918
17.574951
17.536222
17.497728
17.459467
17.421436
17.383635
17.346058
17.308706
17.271574
17.234663
17.197968
17.161488
17.125219
17.089163
17.053314
17.017672
16.982235
16.947001
16.911968
16.877132
16.842493
16.808052
16.773800
16.739742
16.705873
16.672192
16.638695
16.605385
16.572256
16.539309
16.506540
16.473949
16.441534
16.409292
16.377226
16.345329
16.313602
16.282043
16.250652
16.219427
16.188364
16.157463
16.126722
16.096144
16.065722
16.035456
16.005346
15.975389
15.945586
15.915935
15.886433
15.857080
15.827875
15.798816
15.769902
15.741132
15.712504
15.684018
15.655673
15.627466
15.599398
15.571466
15.543670
15.516009
15.488482
15.461086
15.433822
15.406689
15.379684
15.352808
15.326059
15.299437
15.272939
15.246566
15.220316
15.194187
15.168181
15.142295
15.116528
15.090879
15.065349
15.039935
15.014637
14.989453
14.964384
14.939427
14.914584
14.889851
14.865229
14.840716
14.816314
14.792018
14.767830
14.743749
14.719773
14.695903
14.672136
14.648473
14.624912
14.601454
14.578096
14.554839
14.531683
14.508624
14.485664
14.462802
14.440037
14.417367
14.394793
14.372313
14.349929
14.327638
14.305438
14.283332
14.261317
14.239393
14.217560
14.195815
14.174160
14.152594
14.131115
14.109723
14.088418
14.067198
14.046064
14.025016
14.004051
13.983171
13.962373
13.941657
13.921025
13.900473
13.880002
13.859612
13.839302
13.819071
13.798919
13.778845
13.758848
13.738930
13.719088
13.699323
13.679632
13.660017
13.640478
13.621013
13.601621
13.582302
13.563058
13.543884
13.524784
13.505754
13.486796
13.467910
13.449092
13.430345
13.411666
13.393057
13.374516
13.356044
13.337638
13.319301
13.301029
13.282825
13.264687
13.246613
13.228605
13.210662
13.192783
13.174969
13.157217
13.139529
13.121905
13.104342
13.086842
13.069403
13.052025
13.034709
13.017454
13.000257
12.983122
12.966046
12.949030
12.932073
12.915174
12.898333
12.881549
12.864823
12.848155
12.831544
12.814989
12.798491
12.782047
12.765659
12.749328
12.733051
12.716828
12.700661
12.684546
12.668486
12.652480
12.636525
12.620625
12.604776
12.588980
12.573236
12.557544
12.541903
12.526312
12.510773
12.495284
12.479846
12.464458
12.449119
12.433829
12.418590
12.403398
12.388255
12.373160
12.358115
12.343117
12.328166
12.313262
12.298407
12.283597
12.268834
12.254118
12.239447
12.224823
12.210244
12.195710
12.181223
12.166780
12.152381
12.138026
12.123715
12.109449
12.095227
12.081049
12.066914
12.052821
12.038771
12.024764
12.010799
11.996878
11.982997
11.969158
11.955362
11.941607
11.927892
11.914218
11.900585
11.886992
11.873442
11.859929
11.846457
11.833026
11.819633
11.806279
11.792966
11.779690
11.766454
11.753256
11.740096
11.726975
11.713892
11.700847
11.687839
11.674869
11.661935
11.649038
11.636180
11.623357
11.610572
11.597822
11.585109
11.572432
11.559791
11.547184
11.534615
11.522079
11.509580
11.497116
11.484685
11.472290
11.459930
11.447604
11.435312
11.423054
11.410830
11.398640
11.386483
11.374359
11.362269
11.350213
11.338188
11.326198
11.314239
11.302313
11.290420
11.278558
11.266728
11.254930
11.243165
11.231431
11.219728
11.208057
11.196417
11.184808
11.173230
11.161683
11.150166
11.138680
11.127224
11.115798
11.104403
11.093038
11.081702
11.070396
11.059120
11.047873
11.036655
11.025467
11.014308
11.003178
10.992075
10.981003
10.969958
10.958942
10.947954
10.936995
10.926064
10.915160
10.904284
10.893436
10.882616
10.871823
10.861058
10.850320
10.839608
10.828924
10.818267
10.807636
10.797032
10.786455
10.775905
10.765380
10.754881
10.744409
10.733963
10.723542
10.713148
10.702779
10.692436
10.682117
10.671825
10.661558
10.651316
10.641099
10.630907
10.620740
10.610597
10.600479
10.590385
10.580317
10.570272
10.560251
10.550256
10.540283
10.530334
10.520411
10.510509
10.500632
10.490779
10.480949
10.471143
10.461359
10.451599
10.441862
10.432148
10.422457
10.412788
10.403143
10.393519
10.383919
10.374341
10.364785
10.355252
10.345741
10.336252
10.326785
10.317340
10.307917
10.298515
10.289136
10.279778
10.270441
10.261126
10.251832
10.242558
10.233308
10.224077
10.214868
10.205679
10.196512
10.187366
10.178240
10.169134
10.160049
10.150985
10.141941
10.132917
10.123914
10.114930
10.105968
10.097024
10.088101
10.079198
10.070314
10.061450
10.052607
10.043781
10.034976
10.026191
10.017424
10.008677
9.999949
9.991240
9.982551
9.973880
9.965228
9.956594
9.947981
9.939385
9.930809
9.922251
9.913711
9.905190
9.896687
9.888203
9.879736
9.871287
9.862858
9.854445
9.846052
9.837676
9.829318
9.820977
9.812655
9.804350
9.796062
9.787793
9.779540
9.771305
9.763088
9.754887
9.746704
9.738538
9.730390
9.722258
9.714143
9.706045
9.697965
9.689900
9.681852
9.673822
9.665809
9.657811
9.649830
9.641865
9.633917
9.625985
9.618070
9.610171
9.602288
9.594421
9.586571
9.578735
9.570917
9.563114
9.555326
9.547556
9.539801
9.532060
9.524336
9.516627
9.508934
9.501257
9.493595
9.485948
9.478316
9.470700
9.463099
9.455514
9.447944
9.440388
9.432847
9.425321
9.417810
9.410315
9.402834
9.395368
9.387917
9.380480
9.373057
9.365649
9.358256
9.350878
9.343513
9.336164
9.328829
9.321507
9.314200
9.306908
9.299629
9.292365
9.285114
9.277878
9.270656
9.263447
9.256252
9.249072
9.241905
9.234752
9.227612
9.220486
9.213374
9.206276
9.199190
9.192119
9.185061
9.178016
9.170984
9.163966
9.156961
9.149970
9.142991
9.136026
9.129074
9.122134
9.115209
9.108295
9.101396
9.094508
9.087633
9.080771
9.073923
9.067087
9.060264
9.053453
9.046655
9.039869
9.033096
9.026336
9.019588
9.012852
9.006129
8.999418
8.992720
8.986033
8.979360
8.972697
8.966048
8.959411
8.952785
8.946172
8.939570
8.932981
8.926403
8.919837
8.913283
8.906742
8.900212
8.893694
8.887187
8.880692
8.874208
8.867737
8.861278
8.854829
8.848392
8.841967
8.835552
8.829149
8.822759
8.816379
8.810010
8.803653
8.797307
8.790972
8.784648
8.778336
8.772035
8.765744
8.759465
8.753197
8.746939
8.740693
8.734457
8.728232
8.722019
8.715816
8.709624
8.703444
8.697272
8.691113
8.684963
8.678825
8.672697
8.666579
8.660473
8.654376
8.648291
8.642215
8.636150
8.630095
8.624052
8.618017
8.611994
8.605981
8.599977
8.593986
8.588002
8.582030
8.576068
8.570115
8.564173
8.558241
8.552319
8.546407
8.540504
8.534613
8.528730
8.522858
8.516995
8.511143
8.505299
8.499466
8.493643
8.487828
8.482024
8.476230
8.470446
8.464670
8.458905
8.453149
8.447402
8.441666
8.435937
8.430220
8.424511
8.418811
8.413121
8.407441
8.401769
8.396107
8.390454
8.384810
8.379177
8.373552
8.367935
8.362329
8.356731
8.351143
8.345563
8.339993
8.334432
8.328878
8.323335
8.317801
8.312275
8.306759
8.301250
8.295752
8.290261
8.284781
8.279307
8.273843
8.268388
8.262941
8.257504
8.252075
8.246655
8.241242
8.235839
8.230445
8.225059
8.219681
8.214312
8.208951
8.203599
8.198256
8.192920
8.187593
8.182275
8.176964
8.171662
8.166368
8.161083
8.155807
8.150537
8.145277
8.140025
8.134780
8.129544
8.124316
8.119097
8.113885
8.108681
8.103485
8.098298
8.093119
8.087947
8.082783
8.077627
8.072479
8.067340
8.062207
8.057083
8.051968
8.046859
8.041759
8.036665
8.031580
8.026503
8.021433
8.016371
8.011317
8.006270
8.001231
7.996200
7.991177
7.986160
7.981152
7.976151
7.971158
7.966171
7.961193
7.956222
7.951258
7.946302
7.941354
7.936412
7.931479
7.926552
7.921633
7.916721
7.911817
7.906919
7.902029
7.897147
7.892271
7.887403
7.882542
7.877688
7.872841
7.868001
7.863169
7.858344
7.853526
7.848714
7.843911
7.839113
7.834323
7.829540
7.824764
7.819995
7.815233
7.810478
7.805730
7.800988
7.796254
7.791527
7.786806
7.782092
7.777385
7.772685
7.767992
7.763305
7.758625
7.753952
7.749285
7.744626
7.739973
7.735326
7.730687
7.726054
7.721427
7.716807
7.712194
7.707588
7.702988
7.698394
7.693807
7.689227
7.684653
7.680086
7.675525
7.670970
7.666422
7.661881
7.657346
7.652817
7.648294
7.643778
7.639269
7.634766
7.630269
7.625778
7.621294
7.616815
7.612343
7.607878
7.603418
7.598965
7.594519
7.590078
7.585643
7.581215
7.576793
7.572376
7.567966
7.563562
7.559165
7.554773
7.550388
7.546008
7.541635
7.537267
7.532906
7.528550
7.524200
7.519857
7.515520
7.511188
7.506862
7.502542
7.498229
7.493920
7.489618
7.485322
7.481032
7.476747
7.472468
7.468195
7.463928
7.459667
7.455411
7.451162
7.446918
7.442679
7.438447
7.434219
7.429998
7.425783
7.421573
7.417369
7.413170
7.408977
7.404790
7.400608
7.396432
7.392262
7.388096
7.383937
7.379783
7.375635
7.371492
7.367354
7.363223
7.359096
7.354976
7.350860
7.346750
7.342646
7.338546
7.334453
7.330364
7.326281
7.322204
7.318131
7.314065
7.310003
7.305947
7.301896
7.297851
7.293810
7.289775
7.285746
7.281721
7.277702
7.273688
7.269679
7.265676
7.261678
7.257684
7.253696
7.249714
7.245736
7.241764
7.237796
7.233834
7.229877
7.225925
7.221978
7.218036
7.214099
7.210168
7.206241
7.202320
7.198403
7.194491
7.190585
7.186683
7.182787
7.178895
7.175008
7.171127
7.167250
7.163378
7.159511
7.155649
7.151792
7.147940
7.144093
7.140251
7.136413
7.132580
7.128752
7.124929
7.121111
7.117297
7.113489
7.109685
7.105886
7.102092
7.098302
7.094518
7.090738
7.086962
7.083191
7.079426
7.075665
7.071908
7.068156
7.064409
7.060667
7.056929
7.053196
7.049467
7.045743
7.042024
7.038310
7.034599
7.030894
7.027193
7.023497
7.019804
7.016118
7.012434
7.008757
7.005083
7.001414
6.997749
6.994089
6.990433
6.986782
6.983135
6.979493
6.975855
6.972221
6.968593
6.964968
6.961348
6.957733
6.954121
6.950514
6.946912
6.943314
6.939720
6.936130
6.932545
6.928964
6.925388
6.921816
6.918248
6.914684
6.911125
6.907570
6.904019
6.900473
6.896931
6.893393
6.889859
6.886330
6.882804
6.879283
6.875766
6.872254
6.868745
6.865241
6.861741
6.858245
6.854753
6.851266
6.847782
6.844303
6.840828
6.837357
6.833889
6.830427
6.826968
6.823513
6.820063
6.816616
6.813174
6.809735
6.806301
6.802870
6.799444
6.796021
6.792603
6.789189
6.785779
6.782372
6.778970
6.775571
6.772177
6.768786
6.765400
6.762017
6.758639
6.755264
6.751894
6.748527
6.745164
6.741805
6.738450
6.735098
6.731751
6.728407
6.725068
6.721732
6.718400
6.715072
6.711748
6.708427
6.705111
6.701797
6.698489
6.695183
6.691882
6.688584
6.685290
6.682000
6.678714
6.675431
6.672153
6.668877
6.665606
6.662338
6.659074
6.655814
6.652558
6.649305
6.646055
6.642810
6.639568
6.636331
6.633096
6.629865
6.626638
6.623415
6.620194
6.616978
6.613765
6.610556
6.607351
6.604150
6.600951
6.597756
6.594566
6.591378
6.588194
6.585014
6.581837
6.578664
6.575494
6.572328
6.569166
6.566006
6.562851
6.559699
6.556550
6.553405
6.550263
6.547125
6.543991
6.540860
6.537732
6.534608
6.531487
6.528370
6.525256
6.522145
6.519039
6.515935
6.512835
6.509738
6.506644
6.503555
6.500468
6.497385
6.494305
6.491229
6.488156
6.485086
6.482019
6.478957
6.475897
6.472841
6.469788
6.466738
6.463691
6.460649
6.457609
6.454572
6.451540
6.448510
6.445483
6.442460
6.439439
6.436423
6.433409
6.430399
6.427392
6.424388
6.421388
6.418390
6.415396
6.412405
6.409418
6.406434
6.403452
6.400474
6.397500
6.394527
6.391560
6.388594
6.385632
6.382673
6.379717
6.376764
6.373815
6.370869
6.367925
6.364985
6.362048
6.359114
6.356184
6.353256
6.350331
6.347410
6.344491
6.341576
6.338664
6.335755
6.332849
6.329946
6.327046
6.324149
6.321256
6.318365
6.315477
6.312592
6.309711
6.306832
6.303957
6.301084
6.298214
6.295348
6.292484
6.289623
6.286766
6.283911
6.281059
6.278211
6.275365
6.272522
6.269682
6.266846
6.264012
6.261180
6.258353
6.255527
6.252706
6.249886
6.247070
6.244256
6.241446
6.238638
6.235834
6.233031
6.230233
6.227437
6.224643
6.221853
6.219066
6.216281
6.213499
6.210721
6.207944
6.205171
6.202401
6.199633
6.196868
6.194107
6.191348
6.188591
6.185838
6.183087
6.180339
6.177594
6.174852
6.172112
6.169376
6.166642
6.163911
6.161182
6.158457
6.155734
6.153014
6.150297
6.147583
6.144871
6.142161
6.139455
6.136751
6.134050
6.131352
6.128657
6.125964
6.123274
6.120586
6.117901
6.115220
6.112541
6.109864
6.107190
6.104519
6.101850
6.099184
6.096521
6.093860
6.091202
6.088547
6.085894
6.083244
6.080596
6.077952
6.075310
6.072670
6.070033
6.067399
6.064767
6.062138
6.059512
6.056888
6.054266
6.051648
6.049032
6.046418
6.043807
6.041199
6.038593
6.035990
6.033389
6.030791
6.028195
6.025602
6.023012
6.020424
6.017838
6.015255
6.012675
6.010097
6.007522
6.004949
6.002378
5.999811
5.997245
5.994682
5.992122
5.989564
5.987009
5.984456
5.981905
5.979358
5.976812
5.974269
5.971728
5.969191
5.966655
5.964122
5.961591
5.959063
5.956537
5.954014
5.951493
5.948974
5.946458
5.943944
5.941433
5.938924
5.936418
5.933914
5.931412
5.928913
5.926416
5.923922
5.921429
5.918940
5.916452
5.913967
5.911485
5.909005
5.906527
5.904051
5.901578
5.899107
5.896639
5.894173
5.891709
5.889247
5.886788
5.884332
5.881877
5.879426
5.876975
5.874528
5.872083
5.869640
5.867199
5.864761
5.862325
5.859891
5.857460
5.855031
5.852604
5.850180
5.847758
5.845338
5.842920
5.840505
5.838091
5.835680
5.833272
5.830865
5.828462
5.826060
5.823660
5.821262
5.818867
5.816474
5.814084
5.811695
5.809309
5.806925
5.804543
5.802164
5.799786
5.797411
5.795038
5.792667
5.790298
5.787932
5.785568
5.783206
5.780846
5.778488
5.776133
5.773780
5.771429
5.769080
5.766733
5.764388
5.762045
5.759705
5.757367
5.755031
5.752697
5.750365
5.748035
5.745708
5.743382
5.741059
5.738738
5.736419
5.734102
5.731788
5.729475
5.727164
5.724856
5.722549
5.720245
5.717943
5.715643
5.713345
5.711050
5.708755
5.706464
5.704174
5.701887
5.699601
5.697318
5.695036
5.692757
5.690480
5.688204
5.685931
5.683660
5.681391
5.679124
5.676859
5.674596
5.672335
5.670077
5.667819
5.665565
5.663312
5.661061
5.658813
5.656566
5.654321
5.652079
5.649837
5.647599
5.645362
5.643128
5.640895
5.638664
5.636436
5.634209
5.631984
5.629761
5.627541
5.625321
5.623105
5.620890
5.618677
5.616466
5.614257
5.612050
5.609845
5.607642
5.605440
5.603241
5.601044
5.598848
5.596655
5.594464
5.592274
5.590086
5.587901
5.585717
5.583535
5.581355
5.579177
5.577001
5.574827
5.572654
5.570484
5.568315
5.566149
5.563984
5.561821
5.559660
5.557501
5.555344
5.553188
5.551035
5.548883
5.546734
5.544586
5.542440
5.540296
5.538154
5.536014
5.533875
5.531739
5.529604
5.527471
5.525340
5.523211
5.521083
5.518958
5.516834
5.514712
5.512592
5.510474
5.508358
5.506243
5.504130
5.502019
5.499910
5.497803
5.495697
5.493594
5.491492
5.489392
5.487294
5.485197
5.483103
5.481010
5.478919
5.476829
5.474742
5.472656
5.470572
5.468490
5.466410
5.464331
5.462255
5.460179
5.458106
5.456035
5.453965
5.451897
5.449831
5.447766
5.445703
5.443642
5.441583
5.439526
5.437469
5.435416
5.433363
5.431313
5.429264
5.427217
5.425172
5.423128
5.421086
5.419046
5.417007
5.414971
5.412936
5.410903
5.408871
5.406841
5.404813
5.402786
5.400762
5.398738
5.396717
5.394697
5.392679
5.390663
5.388648
5.386635
5.384624
5.382615
5.380607
5.378601
5.376595
5.374593
5.372591
5.370592
5.368594
5.366598
5.364604
5.362610
5.360619
5.358630
5.356641
5.354655
5.352671
5.350688
5.348706
5.346726
5.344748
5.342772
5.340797
5.338824
5.336852
5.334882
5.332914
5.330947
5.328982
5.327018
5.325057
5.323096
5.321137
5.319180
5.317225
5.315271
5.313319
5.311368
5.309419
5.307472
5.305526
5.303582
5.301639
5.299698
5.297759
5.295821
5.293884
5.291950
5.290017
5.288085
5.286155
5.284226
5.282300
5.280374
5.278450
5.276528
5.274608
5.272689
5.270771
5.268855
5.266941
5.265028
5.263116
5.261207
5.259299
5.257392
5.255487
5.253583
5.251681
5.249781
5.247882
5.245984
5.244088
5.242194
5.240301
5.238410
5.236520
5.234632
5.232745
5.230859
5.228975
5.227093
5.225213
5.223333
5.221455
5.219579
5.217704
5.215831
5.213959
5.212089
5.210220
5.208353
5.206487
5.204623
5.202760
5.200899
5.199039
5.197180
5.195323
5.193468
5.191614
5.189762
5.187911
5.186061
5.184213
5.182366
5.180521
5.178678
5.176835
5.174994
5.173155
5.171318
5.169481
5.167646
5.165812
5.163980
5.162149
5.160321
5.158493
5.156666
5.154841
5.153018
5.151196
5.149375
5.147556
5.145739
5.143922
5.142107
5.140294
5.138482
5.136672
5.134862
5.133054
5.131248
5.129443
5.127639
5.125837
5.124037
5.122237
5.120439
5.118643
5.116848
5.115054
5.113261
5.111471
5.109681
5.107893
5.106106
5.104321
5.102537
5.100754
5.098973
5.097193
5.095414
5.093637
5.091861
5.090087
5.088314
5.086543
5.084772
5.083003
5.081235
5.079470
5.077704
5.075941
5.074179
5.072418
5.070659
5.068901
5.067144
5.065389
5.063635
5.061882
5.060131
5.058381
5.056632
5.054885
5.053139
5.051394
5.049651
5.047909
5.046169
5.044429
5.042691
5.040955
5.039219
5.037485
5.035753
5.034021
5.032291
5.030562
5.028835
5.027109
5.025384
5.023661
5.021939
5.020217
5.018498
5.016780
5.015063
5.013347
5.011633
5.009920
5.008208
5.006497
5.004788
5.003080
5.001374
4.999669
4.997965
4.996262
4.994561
4.992860
4.991161
4.989464
4.987767
4.986072
4.984378
4.982686
4.980995
4.979305
4.977616
4.975928
4.974242
4.972557
4.970873
4.969191
4.967510
4.965830
4.964151
4.962474
4.960798
4.959123
4.957449
4.955777
4.954106
4.952436
4.950767
4.949100
4.947434
4.945768
4.944105
4.942442
4.940781
4.939121
4.937462
4.935805
4.934148
4.932493
4.930840
4.929187
4.927536
4.925885
4.924236
4.922588
4.920942
4.919297
4.917653
4.916009
4.914368
4.912727
4.911088
4.909450
4.907813
4.906178
4.904543
4.902910
4.901278
4.899647
4.898017
4.896389
4.894761
4.893135
4.891510
4.889887
4.888264
4.886643
4.885022
4.883403
4.881786
4.880169
4.878553
4.876939
4.875326
4.873714
4.872104
4.870494
4.868886
4.867279
4.865672
4.864068
4.862463
4.860861
4.859260
4.857660
4.856061
4.854463
4.852866
4.851270
4.849676
4.848083
4.846490
4.844900
4.843309
4.841721
4.840133
4.838547
4.836962
4.835377
4.833795
4.832213
4.830632
4.829052
4.827474
4.825897
4.824320
4.822746
4.821172
4.819599
4.818027
4.816457
4.814888
4.813319
4.811752
4.810186
4.808621
4.807057
4.805494
4.803933
4.802372
4.800813
4.799255
4.797698
4.796142
4.794587
4.793033
4.791481
4.789929
4.788379
4.786829
4.785281
4.783734
4.782188
4.780643
4.779099
4.777556
4.776015
4.774474
4.772934
4.771396
4.769859
4.768322
4.766788
4.765254
4.763721
4.762188
4.760658
4.759128
4.757599
4.756072
4.754545
4.753020
4.751495
4.749972
4.748450
4.746929
4.745409
4.743890
4.742372
4.740855
4.739339
4.737825
4.736311
4.734798
4.733287
4.731776
4.730267
4.728758
4.727251
4.725745
4.724240
4.722735
4.721232
4.719730
4.718230
4.716730
4.715230
4.713733
4.712236
4.710740
4.709245
4.707752
4.706259
4.704767
4.703277
4.701787
4.700299
4.698811
4.697324
4.695839
4.694355
4.692871
4.691389
4.689908
4.688427
4.686948
4.685470
4.683992
4.682516
4.681041
4.679567
4.678094
4.676621
4.675150
4.673680
4.672211
4.670743
4.669276
4.667810
4.666345
4.664881
4.663417
4.661955
4.660494
4.659034
4.657575
4.656117
4.654660
4.653204
4.651749
4.650295
4.648842
4.647390
4.645939
4.644488
4.643040
4.641592
4.640144
4.638698
4.637253
4.635809
4.634366
4.632924
4.631482
4.630042
4.628603
4.627164
4.625727
4.624291
4.622855
4.621421
4.619987
4.618555
4.617124
4.615693
4.614264
4.612835
4.611407
4.609981
4.608555
4.607130
4.605707
4.604284
4.602862
4.601441
4.600021
4.598602
4.597184
4.595767
4.594351
4.592936
4.591522
4.590108
4.588696
4.587285
4.585874
4.584465
4.583056
4.581649
4.580243
4.578837
4.577432
4.576028
4.574625
4.573224
4.571823
4.570423
4.569024
4.567625
4.566228
4.564832
4.563437
4.562042
4.560648
4.559256
4.557864
4.556473
4.555084
4.553695
4.552307
4.550920
4.549533
4.548148
4.546764
4.545381
4.543999
4.542617
4.541236
4.539857
4.538478
4.537100
4.535723
4.534347
4.532972
4.531598
4.530224
4.528852
4.527481
4.526110
4.524740
4.523372
4.522004
4.520637
4.519271
4.517906
4.516541
4.515178
4.513815
4.512454
4.511093
4.509733
4.508374
4.507016
4.505660
4.504303
4.502948
4.501593
4.500240
4.498887
4.497535
4.496184
4.494834
4.493485
4.492137
4.490789
4.489443
4.488098
4.486753
4.485409
4.484066
4.482724
4.481382
4.480042
4.478703
4.477364
4.476026
4.474689
4.473353
4.472018
4.470684
4.469350
4.468018
4.466686
4.465355
4.464025
4.462697
4.461368
4.460041
4.458714
4.457389
4.456064
4.454740
4.453417
4.452095
4.450773
4.449452
4.448133
4.446814
4.445496
4.444179
4.442863
4.441547
4.440233
4.438919
4.437606
4.436294
4.434983
4.433672
4.432363
4.431055
4.429747
4.428440
4.427134
4.425828
4.424523
4.423220
4.421917
4.420615
4.419314
4.418014
4.416714
4.415415
4.414118
4.412821
4.411524
4.410229
4.408935
4.407641
4.406348
4.405056
4.403765
4.402474
4.401185
4.399896
4.398608
4.397321
4.396035
4.394749
4.393465
4.392180
4.390898
4.389616
4.388334
4.387053
4.385773
4.384495
4.383216
4.381939
4.380662
4.379387
4.378112
4.376838
4.375564
4.374292
4.373020
4.371749
4.370479
4.369210
4.367941
4.366673
4.365407
4.364141
4.362875
4.361610
4.360347
4.359084
4.357822
4.356560
4.355299
4.354040
4.352781
4.351522
4.350266
4.349009
4.347753
4.346498
4.345243
4.343990
4.342737
4.341486
4.340234
4.338984
4.337734
4.336485
4.335238
4.333990
4.332744
4.331498
4.330254
4.329010
4.327766
4.326523
4.325282
4.324040
4.322800
4.321560
4.320322
4.319084
4.317847
4.316610
4.315375
4.314140
4.312906
4.311672
4.310440
4.309208
4.307977
4.306746
4.305517
4.304288
4.303060
4.301833
4.300607
4.299381
4.298156
4.296931
4.295708
4.294485
4.293263
4.292042
4.290822
4.289602
4.288383
4.287165
4.285947
4.284730
4.283514
4.282299
4.281085
4.279871
4.278658
4.277446
4.276234
4.275023
4.273814
4.272604
4.271396
4.270188
4.268981
4.267775
4.266569
4.265364
4.264160
4.262957
4.261754
4.260552
4.259351
4.258151
4.256951
4.255752
4.254553
4.253356
4.252159
4.250963
4.249768
4.248573
4.247379
4.246186
4.244994
4.243802
4.242611
4.241421
4.240231
4.239042
4.237854
4.236667
4.235480
4.234294
4.233109
4.231925
4.230741
4.229558
4.228375
4.227193
4.226012
4.224832
4.223653
4.222474
4.221296
4.220119
4.218942
4.217766
4.216590
4.215416
4.214242
4.213069
4.211896
4.210725
4.209554
4.208384
4.207214
4.206045
4.204877
4.203709
4.202542
4.201376
4.200211
4.199046
4.197882
4.196719
4.195556
4.194394
4.193233
4.192072
4.190912
4.189753
4.188595
4.187437
4.186280
4.185123
4.183968
4.182813
4.181658
4.180505
4.179352
4.178200
4.177048
4.175897
4.174747
4.173597
4.172448
4.171300
4.170153
4.169006
4.167860
4.166715
4.165570
4.164425
4.163282
4.162139
4.160997
4.159856
4.158715
4.157575
4.156436
4.155297
4.154159
4.153022
4.151885
4.150749
4.149614
4.148479
4.147345
4.146212
4.145079
4.143947
4.142816
4.141685
4.140555
4.139426
4.138297
4.137169
4.136042
4.134915
4.133789
4.132663
4.131539
4.130414
4.129291
4.128169
4.127047
4.125925
4.124804
4.123684
4.122565
4.121446
4.120328
4.119210
4.118093
4.116977
4.115862
4.114747
4.113633
4.112519
4.111406
4.110294
4.109182
4.108071
4.106961
4.105851
4.104742
4.103634
4.102526
4.101419
4.100312
4.099206
4.098102
4.096997
4.095893
4.094790
4.093687
4.092585
4.091484
4.090383
4.089283
4.088183
4.087085
4.085987
4.084889
4.083792
4.082696
4.081600
4.080505
4.079411
4.078317
4.077224
4.076131
4.075039
4.073948
4.072858
4.071768
4.070678
4.069590
4.068501
4.067414
4.066328
4.065241
4.064156
4.063071
4.061986
4.060903
4.059819
4.058737
4.057655
4.056574
4.055493
4.054413
4.053334
4.052255
4.051177
4.050100
4.049023
4.047946
4.046871
4.045795
4.044721
4.043647
4.042574
4.041502
4.040430
4.039358
4.038287
4.037217
4.036148
4.035079
4.034010
4.032943
4.031876
4.030809
4.029743
4.028677
4.027613
4.026549
4.025486
4.024423
4.023360
4.022298
4.021237
4.020177
4.019117
4.018058
4.016999
4.015941
4.014883
4.013826
4.012770
4.011714
4.010660
4.009605
4.008551
4.007498
4.006445
4.005393
4.004341
4.003290
4.002240
4.001190
4.000141
3.999092
3.998044
3.996997
3.995950
3.994904
3.993858
3.992813
3.991769
3.990725
3.989682
3.988639
3.987597
3.986555
3.985514
3.984474
3.983434
3.982395
3.981356
3.980318
3.979281
3.978244
3.977208
3.976172
3.975137
3.974102
3.973068
3.972035
3.971002
3.969970
3.968938
3.967907
3.966876
3.965846
3.964817
3.963788
3.962760
3.961732
3.960705
3.959679
3.958652
3.957627
3.956602
3.955578
3.954554
3.953531
3.952509
3.951487
3.950465
3.949444
3.948424
3.947405
3.946385
3.945367
3.944349
3.943331
3.942314
3.941298
3.940282
3.939267
3.938252
3.937238
3.936225
3.935212
3.934199
3.933187
3.932176
3.931165
3.930155
3.929145
3.928136
3.927128
3.926120
3.925112
3.924106
3.923099
3.922093
3.921088
3.920084
3.919080
3.918076
3.917073
3.916070
3.915069
3.914067
3.913066
3.912066
3.911066
3.910067
3.909069
3.908071
3.907073
3.906076
3.905080
3.904084
3.903088
3.902093
3.901099
3.900105
3.899112
3.898120
3.897128
3.896136
3.895145
3.894154
3.893164
3.892175
3.891186
3.890198
3.889210
3.888223
3.887236
3.886250
3.885264
3.884279
3.883295
3.882310
3.881327
3.880344
3.879361
3.878380
3.877398
3.876417
3.875437
3.874457
3.873478
3.872499
3.871521
3.870543
3.869566
3.868590
3.867613
3.866638
3.865663
3.864688
3.863714
3.862741
3.861768
3.860795
3.859823
3.858852
3.857881
3.856911
3.855941
3.854972
3.854003
3.853035
3.852067
3.851100
3.850133
3.849167
3.848201
3.847236
3.846272
3.845307
3.844344
3.843381
3.842418
3.841456
3.840495
3.839534
3.838573
3.837613
3.836654
3.835695
3.834736
3.833778
3.832821
3.831864
3.830908
3.829952
3.828996
3.828041
3.827087
3.826133
3.825180
3.824227
3.823275
3.822323
3.821371
3.820421
3.819470
3.818521
3.817571
3.816622
3.815674
3.814726
3.813779
3.812832
3.811886
3.810940
3.809995
3.809050
3.808106
3.807162
3.806219
3.805276
3.804333
3.803392
3.802450
3.801510
3.800570
3.799630
3.798690
3.797751
3.796813
3.795875
3.794938
3.794001
3.793065
3.792129
3.791193
3.790259
3.789324
3.788391
3.787457
3.786524
3.785592
3.784660
3.783728
3.782797
3.781867
3.780937
3.780008
3.779078
3.778150
3.777222
3.776294
3.775367
3.774441
3.773515
3.772589
3.771664
3.770739
3.769815
3.768892
3.767968
3.767046
3.766124
3.765202
3.764281
3.763360
3.762439
3.761520
3.760600
3.759681
3.758763
3.757845
3.756928
3.756011
3.755094
3.754178
3.753263
3.752348
3.751433
3.750519
3.749605
3.748692
3.747780
3.746867
3.745956
3.745044
3.744134
3.743223
3.742314
3.741404
3.740495
3.739587
3.738679
3.737772
3.736865
3.735958
3.735052
3.734146
3.733241
3.732337
3.731432
3.730529
3.729625
3.728722
3.727820
3.726918
3.726017
3.725116
3.724215
3.723315
3.722416
3.721517
3.720618
3.719720
3.718822
3.717925
3.717028
3.716132
3.715236
3.714340
3.713445
3.712551
3.711657
3.710763
3.709870
3.708978
3.708085
3.707194
3.706302
3.705412
3.704521
3.703631
3.702742
3.701853
3.700964
3.700076
3.699188
3.698301
3.697415
3.696528
3.695642
3.694757
3.693872
3.692988
3.692104
3.691220
3.690337
3.689454
3.688572
3.687690
3.686809
3.685928
3.685047
3.684167
3.683288
3.682409
3.681530
3.680652
3.679774
3.678897
3.678020
3.677144
3.676268
3.675392
3.674517
3.673642
3.672768
3.671894
3.671021
3.670148
3.669276
3.668404
3.667532
3.666661
3.665790
3.664920
3.664050
3.663181
3.662312
3.661443
3.660575
3.659708
3.658840
3.657974
3.657107
3.656241
3.655376
3.654511
3.653646
3.652782
3.651919
3.651055
3.650192
3.649330
3.648468
3.647607
3.646746
3.645885
3.645025
3.644165
3.643305
3.642447
3.641588
3.640730
3.639872
3.639015
3.638158
3.637302
3.636446
3.635591
3.634735
3.633881
3.633026
3.632173
3.631319
3.630466
3.629614
3.628762
3.627910
3.627059
3.626208
3.625358
3.624507
3.623658
3.622809
3.621960
3.621112
3.620264
3.619416
3.618569
3.617723
3.616877
3.616031
3.615185
3.614341
3.613496
3.612652
3.611808
3.610965
3.610122
3.609280
3.608438
3.607596
3.606755
3.605914
3.605074
3.604234
3.603395
3.602556
3.601717
3.600878
3.600041
3.599203
3.598366
3.597530
3.596694
3.595858
3.595022
3.594187
3.593353
3.592519
3.591685
3.590852
3.590019
3.589186
3.588354
3.587523
3.586691
3.585860
3.585030
3.584200
3.583370
3.582541
3.581712
3.580884
3.580056
3.579228
3.578401
3.577574
3.576748
3.575922
3.575096
3.574271
3.573446
3.572622
3.571798
3.570974
3.570151
3.569328
3.568506
3.567684
3.566862
3.566041
3.565221
3.564400
3.563580
3.562761
3.561942
3.561123
3.560304
3.559487
3.558669
3.557852
3.557035
3.556219
3.555403
3.554587
3.553772
3.552957
3.552143
3.551329
3.550515
3.549702
3.548889
3.548077
3.547265
3.546453
3.545642
3.544831
3.544021
3.543211
3.542401
3.541592
3.540783
3.539974
3.539166
3.538359
3.537551
3.536744
3.535938
3.535131
3.534326
3.533520
3.532716
3.531911
3.531107
3.530303
3.529500
3.528697
3.527894
3.527092
3.526290
3.525488
3.524687
3.523886
3.523086
3.522286
3.521487
3.520687
3.519889
3.519090
3.518292
3.517495
3.516697
3.515900
3.515104
3.514308
3.513512
3.512717
3.511922
3.511127
3.510333
3.509539
3.508746
3.507952
3.507160
3.506367
3.505575
3.504784
3.503993
3.503202
3.502412
3.501621
3.500832
3.500043
3.499254
3.498465
3.497677
3.496889
3.496102
3.495315
3.494528
3.493742
3.492956
3.492170
3.491385
3.490601
3.489816
3.489032
3.488248
3.487465
3.486682
3.485899
3.485117
3.484336
3.483554
3.482773
3.481992
3.481212
3.480432
3.479652
3.478873
3.478094
3.477316
3.476538
3.475760
3.474983
3.474205
3.473429
3.472652
3.471877
3.471101
3.470326
3.469551
3.468777
3.468003
3.467229
3.466455
3.465683
3.464910
3.464138
3.463366
3.462594
3.461823
3.461052
3.460282
3.459512
3.458742
3.457973
3.457204
3.456435
3.455667
3.454899
3.454131
3.453364
3.452597
3.451831
3.451065
3.450299
3.449533
3.448769
3.448004
3.447240
3.446476
3.445712
3.444949
3.444186
3.443423
3.442661
3.441899
3.441138
3.440377
3.439616
3.438856
3.438096
3.437336
3.436577
3.435817
3.435059
3.434301
3.433543
3.432785
3.432028
3.431271
3.430515
3.429759
3.429003
3.428247
3.427492
3.426737
3.425983
3.425229
3.424475
3.423722
3.422969
3.422216
3.421464
3.420712
3.419960
3.419209
3.418458
3.417708
3.416957
3.416208
3.415458
3.414709
3.413960
3.413212
3.412464
3.411716
3.410968
3.410221
3.409475
3.408728
3.407982
3.407236
3.406491
3.405746
3.405001
3.404257
3.403513
3.402769
3.402026
3.401283
3.400541
3.399798
3.399056
3.398314
3.397573
3.396832
3.396092
3.395352
3.394612
3.393872
3.393133
3.392394
3.391656
3.390918
3.390180
3.389442
3.388705
3.387968
3.387232
3.386495
3.385760
3.385024
3.384289
3.383554
3.382820
3.382086
3.381352
3.380618
3.379885
3.379153
3.378420
3.377688
3.376956
3.376225
3.375494
3.374763
3.374032
3.373302
3.372572
3.371843
3.371114
3.370385
3.369657
3.368928
3.368201
3.367473
3.366746
3.366019
3.365293
3.364567
3.363841
3.363115
3.362390
3.361665
3.360941
3.360217
3.359493
3.358769
3.358046
3.357323
3.356601
3.355878
3.355157
3.354435
3.353714
3.352993
3.352273
3.351552
3.350832
3.350113
3.349394
3.348675
3.347956
3.347238
3.346520
3.345802
3.345085
3.344368
3.343651
3.342935
3.342219
3.341503
3.340788
3.340073
3.339358
3.338644
3.337929
3.337216
3.336502
3.335789
3.335077
3.334364
3.333652
3.332940
3.332228
3.331517
3.330806
3.330096
3.329386
3.328676
3.327966
3.327257
3.326548
3.325839
3.325131
3.324423
3.323715
3.323008
3.322301
3.321594
3.320888
3.320182
3.319476
3.318770
3.318065
3.317360
3.316656
3.315952
3.315248
3.314544
3.313841
3.313138
3.312435
3.311733
3.311031
3.310329
3.309628
3.308927
3.308226
3.307525
3.306825
3.306126
3.305426
3.304727
3.304028
3.303329
3.302631
3.301933
3.301235
3.300538
3.299841
3.299145
3.298448
3.297752
3.297056
3.296361
3.295666
3.294971
3.294276
3.293582
3.292888
3.292194
3.291501
3.290808
3.290115
3.289423
3.288731
3.288039
3.287347
3.286656
3.285965
3.285275
3.284585
3.283895
3.283205
3.282516
3.281826
3.281138
3.280449
3.279761
3.279073
3.278386
3.277699
3.277012
3.276325
3.275639
3.274953
3.274267
3.273582
3.272897
3.272212
3.271527
3.270843
3.270159
3.269476
3.268792
3.268109
3.267427
3.266744
3.266062
3.265380
3.264699
3.264018
3.263337
3.262656
3.261976
3.261296
3.260616
3.259937
3.259258
3.258579
3.257900
3.257222
3.256544
3.255867
3.255189
3.254512
3.253835
3.253159
3.252483
3.251807
3.251131
3.250456
3.249781
3.249106
3.248432
3.247758
3.247084
3.246411
3.245738
3.245064
3.244392
3.243720
3.243048
3.242376
3.241704
3.241033
3.240362
3.239692
3.239022
3.238352
3.237682
3.237012
3.236343
3.235675
3.235006
3.234338
3.233670
3.233002
3.232335
3.231668
3.231001
3.230335
3.229668
3.229002
3.228337
3.227671
3.227006
3.226341
3.225677
3.225013
3.224349
3.223685
3.223022
3.222359
3.221696
3.221034
3.220371
3.219709
3.219048
3.218386
3.217725
3.217065
3.216404
3.215744
3.215084
3.214424
3.213765
3.213106
3.212447
3.211789
3.211130
3.210473
3.209815
3.209157
3.208500
3.207844
3.207187
3.206531
3.205875
3.205219
3.204564
3.203909
3.203254
3.202599
3.201945
3.201291
3.200637
3.199984
3.199331
3.198678
3.198025
3.197373
3.196721
3.196069
3.195418
3.194767
3.194116
3.193465
3.192815
3.192165
3.191515
3.190865
3.190216
3.189567
3.188918
3.188270
3.187622
3.186974
3.186326
3.185679
3.185032
3.184385
3.183739
3.183093
3.182447
3.181801
3.181156
3.180511
3.179866
3.179221
3.178577
3.177933
3.177289
3.176646
3.176003
3.175359
3.174717
3.174074
3.173432
3.172791
3.172149
3.171508
3.170867
3.170226
3.169585
3.168945
3.168305
3.167666
3.167026
3.166387
3.165748
3.165110
3.164471
3.163833
3.163196
3.162558
3.161921
3.161284
3.160647
3.160011
3.159375
3.158739
3.158103
3.157468
3.156833
3.156198
3.155563
3.154929
3.154295
3.153661
3.153028
3.152395
3.151762
3.151129
3.150497
3.149865
3.149233
3.148601
3.147970
3.147339
3.146708
3.146077
3.145447
3.144817
3.144187
3.143558
3.142928
3.142299
3.141671
3.141042
3.140414
3.139786
3.139158
3.138531
3.137904
3.137277
3.136651
3.136024
3.135398
3.134773
3.134147
3.133522
3.132897
3.132272
3.131647
3.131023
3.130399
3.129776
3.129152
3.128529
3.127906
3.127283
3.126661
3.126039
3.125417
3.124795
3.124174
3.123553
3.122932
3.122311
3.121691
3.121071
3.120451
3.119831
3.119212
3.118593
3.117974
3.117356
3.116737
3.116119
3.115501
3.114884
3.114267
3.113650
3.113033
3.112416
3.111800
3.111184
3.110568
3.109953
3.109338
3.108723
3.108108
3.107494
3.106879
3.106265
3.105652
3.105038
3.104425
3.103812
3.103199
3.102587
3.101975
3.101363
3.100751
3.100140
3.099529
3.098918
3.098307
3.097697
3.097086
3.096477
3.095867
3.095258
3.094648
3.094040
3.093431
3.092823
3.092215
3.091607
3.090999
3.090391
3.089784
3.089177
3.088571
3.087965
3.087358
3.086752
3.086147
3.085541
3.084936
3.084331
3.083726
3.083122
3.082518
3.081914
3.081311
3.080707
3.080104
3.079501
3.078898
3.078296
3.077693
3.077091
3.076490
3.075888
3.075287
3.074686
3.074085
3.073485
3.072885
3.072285
3.071685
3.071086
3.070487
3.069888
3.069289
3.068690
3.068092
3.067494
3.066896
3.066299
3.065701
3.065104
3.064507
3.063911
3.063315
3.062719
3.062123
3.061527
3.060932
3.060337
3.059742
3.059147
3.058553
3.057959
3.057365
3.056771
3.056178
3.055585
3.054992
3.054399
3.053807
3.053214
3.052622
3.052031
3.051439
3.050848
3.050257
3.049666
3.049076
3.048485
3.047895
3.047305
3.046716
3.046127
3.045537
3.044949
3.044360
3.043772
3.043183
3.042595
3.042008
3.041420
3.040833
3.040246
3.039659
3.039073
3.038487
3.037901
3.037315
3.036729
3.036144
3.035559
3.034974
3.034389
3.033805
3.033221
3.032637
3.032053
3.031470
3.030887
3.030304
3.029721
3.029139
3.028557
3.027974
3.027393
3.026811
3.026230
3.025649
3.025068
3.024487
3.023907
3.023327
3.022747
3.022167
3.021587
3.021008
3.020429
3.019850
3.019272
3.018694
3.018116
3.017538
3.016960
3.016383
3.015805
3.015229
3.014652
3.014076
3.013499
3.012923
3.012347
3.011772
3.011197
3.010622
3.010047
3.009472
3.008898
3.008324
3.007750
3.007176
3.006603
3.006029
3.005456
3.004884
3.004311
3.003739
3.003167
3.002595
3.002023
3.001452
3.000880
3.000309
2.999739
2.999168
2.998598
2.998028
2.997458
2.996888
2.996319
2.995750
2.995181
2.994612
2.994044
2.993475
2.992908
2.992340
2.991772
2.991205
2.990638
2.990071
2.989504
2.988937
2.988371
2.987805
2.987239
2.986674
2.986109
2.985543
2.984979
2.984414
2.983850
2.983285
2.982721
2.982157
2.981594
2.981030
2.980467
2.979905
2.979342
2.978780
2.978217
2.977655
2.977093
2.976532
2.975971
2.975409
2.974848
2.974288
2.973727
2.973167
2.972607
2.972047
2.971488
2.970928
2.970369
2.969810
2.969252
2.968693
2.968135
2.967577
2.967019
2.966461
2.965904
2.965347
2.964790
2.964233
2.963676
2.963120
2.962564
2.962008
2.961453
2.960897
2.960342
2.959787
2.959232
2.958678
2.958123
2.957569
2.957016
2.956462
2.955908
2.955355
2.954802
2.954249
2.953696
2.953144
2.952592
2.952040
2.951488
2.950937
2.950385
2.949834
2.949283
2.948733
2.948182
2.947632
2.947082
2.946532
2.945982
2.945433
2.944884
2.944335
2.943786
2.943238
2.942689
2.942141
2.941593
2.941046
2.940498
2.939951
2.939404
2.938857
2.938310
2.937764
2.937218
2.936672
2.936126
2.935580
2.935035
2.934490
2.933945
2.933400
2.932856
2.932312
2.931767
2.931224
2.930680
2.930136
2.929593
2.929050
2.928507
2.927965
2.927422
2.926880
2.926338
2.925796
2.925255
2.924713
2.924172
2.923631
2.923090
2.922550
2.922009
2.921469
2.920929
2.920390
2.919850
2.919311
2.918772
2.918233
2.917694
2.917156
2.916618
2.916080
2.915542
2.915004
2.914467
2.913930
2.913393
2.912856
2.912319
2.911783
2.911247
2.910711
2.910175
2.909639
2.909104
2.908569
2.908034
2.907499
2.906965
2.906430
2.905896
2.905362
2.904829
2.904295
2.903762
2.903229
2.902696
2.902163
2.901630
2.901098
2.900566
2.900034
2.899502
2.898971
2.898440
2.897908
2.897378
2.896847
2.896317
2.895786
2.895256
2.894726
2.894197
2.893667
2.893138
2.892609
2.892080
2.891551
2.891023
2.890495
2.889966
2.889439
2.888911
2.888384
2.887856
2.887329
2.886802
2.886276
2.885749
2.885223
2.884697
2.884171
2.883646
2.883120
2.882595
2.882070
2.881545
2.881020
2.880496
2.879972
2.879447
2.878924
2.878400
2.877877
2.877353
2.876830
2.876307
2.875785
2.875262
2.874740
2.874218
2.873696
2.873174
2.872653
2.872131
2.871610
2.871089
2.870569
2.870048
2.869528
2.869008
2.868488
2.867968
2.867449
2.866929
2.866410
2.865891
2.865372
2.864854
2.864336
2.863818
2.863300
2.862782
2.862264
2.861747
2.861230
2.860713
2.860196
2.859679
2.859163
2.858647
2.858131
2.857615
2.857099
2.856584
2.856069
2.855554
2.855039
2.854524
2.854010
2.853495
2.852981
2.852467
2.851954
2.851440
2.850927
2.850414
2.849901
2.849388
2.848875
2.848363
2.847851
2.847339
2.846827
2.846316
2.845804
2.845293
2.844782
2.844271
2.843760
2.843250
2.842740
2.842230
2.841720
2.841210
2.840701
2.840191
2.839682
2.839173
2.838665
2.838156
2.837648
2.837140
2.836632
2.836124
2.835616
2.835109
2.834601
2.834095
2.833588
2.833081
2.832575
2.832068
2.831562
2.831056
2.830550
2.830045
2.829540
2.829035
2.828530
2.828025
2.827520
2.827016
2.826512
2.826008
2.825504
2.825000
2.824497
2.823993
2.823490
2.822987
2.822485
2.821982
2.821480
2.820977
2.820476
2.819974
2.819472
2.818971
2.818470
2.817969
2.817468
2.816967
2.816466
2.815966
2.815466
2.814966
2.814466
2.813967
2.813467
2.812968
2.812469
2.811970
2.811472
2.810973
2.810475
2.809977
2.809479
2.808981
2.808484
2.807986
2.807489
2.806992
2.806495
2.805999
2.805502
2.805006
2.804510
2.804014
2.803518
2.803023
2.802527
2.802032
2.801537
2.801042
2.800548
2.800053
2.799559
2.799065
2.798571
2.798077
2.797584
2.797090
2.796597
2.796104
2.795611
2.795119
2.794626
2.794134
2.793642
2.793150
2.792658
2.792166
2.791675
2.791184
2.790693
2.790202
2.789711
2.789221
2.788731
2.788240
2.787750
2.787261
2.786771
2.786282
2.785793
2.785304
2.784815
2.784326
2.783837
2.783349
2.782861
2.782373
2.781885
2.781397
2.780910
2.780423
2.779936
2.779449
2.778962
2.778475
2.777989
2.777503
2.777017
2.776531
2.776045
2.775559
2.775074
2.774589
2.774104
2.773619
2.773135
2.772650
2.772166
2.771682
2.771198
2.770714
2.770231
2.769747
2.769264
2.768781
2.768298
2.767815
2.767333
2.766850
2.766368
2.765886
2.765404
2.764923
2.764441
2.763960
2.763479
2.762998
2.762517
2.762037
2.761556
2.761076
2.760596
2.760116
2.759636
2.759156
2.758677
2.758198
2.757719
2.757240
2.756761
2.756283
2.755804
2.755326
2.754848
2.754370
2.753893
2.753415
2.752938
2.752460
2.751984
2.751507
2.751030
2.750554
2.750077
2.749601
2.749125
2.748649
2.748174
2.747698
2.747223
2.746748
2.746273
2.745798
2.745324
2.744849
2.744375
2.743901
2.743427
2.742953
2.742480
2.742006
2.741533
2.741060
2.740587
2.740114
2.739642
2.739169
2.738697
2.738225
2.737753
2.737281
2.736810
2.736338
2.735867
2.735396
2.734926
2.734455
2.733984
2.733514
2.733044
2.732574
2.732104
2.731634
2.731164
2.730695
2.730226
2.729757
2.729288
2.728819
2.728351
2.727882
2.727414
2.726946
2.726478
2.726011
2.725543
2.725076
2.724609
2.724141
2.723675
2.723208
2.722741
2.722275
2.721809
2.721343
2.720877
2.720411
2.719946
2.719480
2.719015
2.718550
2.718085
2.717620
2.717156
2.716691
2.716227
2.715763
2.715299
2.714836
2.714372
2.713909
2.713445
2.712982
2.712519
2.712057
2.711594
2.711132
2.710670
2.710207
2.709745
2.709284
2.708822
2.708361
2.707899
2.707438
2.706977
2.706517
2.706056
2.705595
2.705135
2.704675
2.704215
2.703755
2.703295
2.702836
2.702377
2.701917
2.701458
2.701000
2.700541
2.700083
2.699624
2.699166
2.698708
2.698250
2.697792
2.697335
2.696877
2.696420
2.695963
2.695506
2.695049
2.694593
2.694136
2.693680
2.693224
2.692768
2.692312
2.691857
2.691401
2.690946
2.690491
2.690036
2.689581
2.689126
2.688672
2.688217
2.687763
2.687309
2.686855
2.686402
2.685948
2.685494
2.685041
2.684588
2.684135
2.683682
2.683230
2.682777
2.682325
2.681873
2.681421
2.680969
2.680518
2.680066
2.679615
2.679163
2.678712
2.678262
2.677811
2.677360
2.676910
2.676460
2.676009
2.675560
2.675110
2.674660
2.674211
2.673761
2.673312
2.672863
2.672415
2.671966
2.671517
2.671069
2.670621
2.670173
2.669725
2.669277
2.668829
2.668382
2.667935
2.667487
2.667041
2.666594
2.666147
2.665700
2.665254
2.664808
2.664362
2.663916
2.663471
2.663025
2.662579
2.662134
2.661689
2.661244
2.660799
2.660355
2.659910
2.659466
2.659022
2.658577
2.658134
2.657690
2.657246
2.656803
2.656360
2.655916
2.655473
2.655031
2.654588
2.654145
2.653703
2.653261
2.652819
2.652377
2.651935
2.651494
2.651052
2.650611
2.650170
2.649729
2.649288
2.648847
2.648407
2.647966
2.647526
2.647086
2.646646
2.646206
2.645767
2.645327
2.644888
2.644449
2.644010
2.643571
2.643132
2.642694
2.642255
2.641817
2.641379
2.640941
2.640503
2.640065
2.639628
2.639191
2.638753
2.638316
2.637879
2.637443
2.637006
2.636569
2.636133
2.635697
2.635261
2.634825
2.634390
2.633954
2.633518
2.633083
2.632648
2.632213
2.631778
2.631344
2.630909
2.630475
2.630041
2.629606
2.629173
2.628739
2.628305
2.627872
2.627438
2.627005
2.626572
2.626139
2.625706
2.625274
2.624841
2.624409
2.623977
2.623545
2.623113
2.622681
2.622250
2.621818
2.621387
2.620956
2.620525
2.620094
2.619663
2.619233
2.618802
2.618372
2.617942
2.617512
2.617082
2.616653
2.616223
2.615794
2.615365
2.614935
2.614506
2.614078
2.613649
2.613220
2.612792
2.612364
2.611936
2.611508
2.611080
2.610652
2.610225
2.609798
2.609370
2.608943
2.608516
2.608090
2.607663
2.607237
2.606810
2.606384
2.605958
2.605532
2.605106
2.604681
2.604255
2.603830
2.603405
2.602980
2.602555
2.602130
2.601706
2.601281
2.600857
2.600433
2.600008
2.599585
2.599161
2.598737
2.598314
2.597890
2.597467
2.597044
2.596621
2.596199
2.595776
2.595354
2.594931
2.594509
2.594087
2.593665
2.593243
2.592822
2.592400
2.591979
2.591558
2.591137
2.590716
2.590295
2.589875
2.589454
2.589034
2.588613
2.588193
2.587773
2.587353
2.586934
2.586514
2.586095
2.585676
2.585257
2.584838
2.584419
2.584000
2.583582
2.583163
2.582745
2.582327
2.581909
2.581491
2.581074
2.580656
2.580239
2.579822
2.579404
2.578988
2.578571
2.578154
2.577737
2.577321
2.576905
2.576488
2.576072
2.575657
2.575241
2.574825
2.574410
2.573995
2.573579
2.573164
2.572750
2.572335
2.571920
2.571506
2.571091
2.570677
2.570263
2.569849
2.569435
2.569021
2.568608
2.568195
2.567781
2.567368
2.566955
2.566543
2.566130
2.565717
2.565305
2.564893
2.564481
2.564068
2.563657
2.563245
2.562833
2.562422
2.562011
2.561599
2.561188
2.560777
2.560366
2.559956
2.559545
2.559135
2.558725
2.558315
2.557905
2.557495
2.557085
2.556676
2.556266
2.555857
2.555448
2.555039
2.554630
2.554221
2.553813
2.553404
2.552996
2.552587
2.552179
2.551771
2.551364
2.550956
2.550548
2.550141
2.549734
2.549327
2.548920
2.548513
2.548106
2.547699
2.547293
2.546887
2.546480
2.546074
2.545668
2.545263
2.544857
2.544451
2.544046
2.543641
2.543236
2.542831
2.542426
2.542021
2.541616
2.541212
2.540808
2.540404
2.539999
2.539596
2.539192
2.538788
2.538384
2.537981
2.537578
2.537175
2.536772
2.536369
2.535966
2.535563
2.535161
2.534759
2.534357
2.533954
2.533553
2.533151
2.532749
2.532347
2.531946
2.531545
2.531144
2.530743
2.530342
2.529941
2.529540
2.529140
2.528739
2.528339
2.527939
2.527539
2.527139
2.526740
2.526340
2.525940
2.525541
2.525142
2.524743
2.524344
2.523945
2.523546
2.523148
2.522749
2.522351
2.521953
2.521555
2.521157
2.520759
2.520362
2.519964
2.519567
2.519170
2.518772
2.518375
2.517979
2.517582
2.517185
2.516789
2.516392
2.515996
2.515600
2.515204
2.514808
2.514413
2.514017
2.513622
2.513226
2.512831
2.512436
2.512041
2.511646
2.511252
2.510857
2.510463
2.510068
2.509674
2.509280
2.508886
2.508492
2.508099
2.507705
2.507312
2.506919
2.506526
2.506132
2.505740
2.505347
2.504954
2.504562
2.504169
2.503777
2.503385
2.502993
2.502601
2.502209
2.501817
2.501426
2.501035
2.500643
2.500252
2.499861
2.499470
2.499080
2.498689
2.498299
2.497908
2.497518
2.497128
2.496738
2.496348
2.495958
2.495569
2.495179
2.494790
2.494401
2.494012
2.493623
2.493234
2.492845
2.492456
2.492068
2.491680
2.491291
2.490903
2.490515
2.490127
2.489739
2.489352
2.488965
2.488577
2.488190
2.487803
2.487416
2.487029
2.486642
2.486256
2.485869
2.485483
2.485096
2.484710
2.484324
2.483938
2.483553
2.483167
2.482782
2.482396
2.482011
2.481626
2.481241
2.480856
2.480471
2.480087
2.479702
2.479318
2.478933
2.478549
2.478165
2.477781
2.477397
2.477014
2.476630
2.476247
2.475864
2.475480
2.475097
2.474715
2.474332
2.473949
2.473567
2.473184
2.472802
2.472420
2.472037
2.471655
2.471274
2.470892
2.470510
2.470129
2.469748
2.469366
2.468985
2.468604
2.468223
2.467843
2.467462
2.467082
2.466701
2.466321
2.465941
2.465561
2.465181
2.464801
2.464422
2.464042
2.463663
2.463283
2.462904
2.462525
2.462146
2.461767
2.461389
2.461010
2.460632
2.460253
2.459875
2.459497
2.459119
2.458741
2.458364
2.457986
2.457608
2.457231
2.456854
2.456476
2.456100
2.455723
2.455346
2.454969
2.454593
2.454216
2.453840
2.453464
2.453088
2.452712
2.452336
2.451960
2.451585
2.451209
2.450834
2.450459
2.450083
2.449708
2.449334
2.448959
2.448584
2.448210
2.447835
2.447461
2.447087
2.446713
2.446339
2.445965
2.445591
2.445218
2.444844
2.444471
2.444098
2.443725
2.443352
2.442979
2.442606
2.442234
2.441861
2.441489
2.441116
2.440744
2.440372
2.440000
2.439628
2.439257
2.438885
2.438514
2.438142
2.437771
2.437400
2.437029
2.436658
2.436287
2.435916
2.435546
2.435176
2.434805
2.434435
2.434065
2.433695
2.433325
2.432956
2.432586
2.432216
2.431847
2.431478
2.431108
2.430739
2.430371
2.430002
2.429633
2.429265
2.428896
2.428528
2.428159
2.427791
2.427423
2.427056
2.426688
2.426320
2.425953
2.425585
2.425218
2.424850
2.424484
2.424117
2.423750
2.423383
2.423016
2.422650
2.422283
2.421917
2.421551
2.421185
2.420819
2.420453
2.420087
2.419722
2.419356
2.418991
2.418626
2.418261
2.417896
2.417531
2.417166
2.416801
2.416437
2.416072
2.415708
2.415344
2.414979
2.414615
2.414252
2.413888
2.413524
2.413160
2.412797
2.412434
2.412071
2.411707
2.411344
2.410981
2.410619
2.410256
2.409894
2.409531
2.409169
2.408807
2.408444
2.408082
2.407721
2.407359
2.406997
2.406636
2.406274
2.405913
2.405552
2.405191
2.404830
2.404469
2.404108
2.403747
2.403387
2.403026
2.402666
2.402306
2.401946
2.401586
2.401226
2.400866
2.400506
2.400147
2.399788
2.399428
2.399069
2.398710
2.398351
2.397992
2.397633
2.397275
2.396916
2.396558
2.396199
2.395841
2.395483
2.395125
2.394767
2.394409
2.394052
2.393694
2.393337
2.392979
2.392622
2.392265
2.391908
2.391551
2.391195
2.390838
2.390481
2.390125
2.389769
2.389412
2.389056
2.388700
2.388344
2.387989
2.387633
2.387277
2.386922
2.386566
2.386211
2.385856
2.385501
2.385146
2.384791
2.384436
2.384082
2.383727
2.383373
2.383019
2.382664
2.382310
2.381956
2.381603
2.381249
2.380895
2.380542
2.380188
2.379835
2.379482
2.379129
2.378776
2.378423
2.378070
2.377717
2.377365
2.377012
2.376660
2.376308
2.375956
2.375604
2.375252
2.374900
2.374548
2.374197
2.373846
2.373494
2.373143
2.372792
2.372441
2.372090
2.371739
2.371388
2.371037
2.370687
2.370337
2.369986
2.369636
2.369286
2.368936
2.368586
2.368236
2.367887
2.367537
2.367188
2.366838
2.366489
2.366140
2.365791
2.365442
2.365093
2.364744
2.364396
2.364047
2.363699
2.363351
2.363003
2.362655
2.362307
2.361959
2.361611
2.361263
2.360916
2.360568
2.360221
2.359874
2.359527
2.359179
2.358833
2.358486
2.358139
2.357793
2.357446
2.357100
2.356753
2.356407
2.356061
2.355715
2.355369
2.355023
2.354678
2.354332
2.353987
2.353642
2.353296
2.352951
2.352606
2.352261
2.351916
2.351572
2.351227
2.350882
2.350538
2.350194
2.349849
2.349505
2.349161
2.348817
2.348474
2.348130
2.347786
2.347443
2.347100
2.346756
2.346413
2.346070
2.345727
2.345384
2.345041
2.344699
2.344356
2.344014
2.343672
2.343329
2.342987
2.342645
2.342303
2.341961
2.341619
2.341278
2.340936
2.340595
2.340254
2.339912
2.339571
2.339230
2.338889
2.338548
2.338208
2.337867
2.337527
2.337186
2.336846
2.336506
2.336166
2.335826
2.335486
2.335146
2.334806
2.334467
2.334127
2.333788
2.333448
2.333109
2.332770
2.332431
2.332092
2.331753
2.331415
2.331076
2.330738
2.330400
2.330061
2.329723
2.329385
2.329047
2.328709
2.328371
2.328034
2.327696
2.327359
2.327021
2.326684
2.326347
2.326010
2.325673
2.325336
2.324999
2.324663
2.324326
2.323989
2.323653
2.323317
2.322981
2.322645
2.322309
2.321973
2.321637
2.321301
2.320966
2.320630
2.320295
2.319960
2.319625
2.319289
2.318954
2.318619
2.318285
2.317950
2.317616
2.317281
2.316947
2.316612
2.316278
2.315944
2.315610
2.315276
2.314943
2.314609
2.314276
2.313942
2.313608
2.313275
2.312942
2.312609
2.312276
2.311943
2.311610
2.311278
2.310945
2.310612
2.310280
2.309948
2.309616
2.309283
2.308951
2.308619
2.308288
2.307956
2.307624
2.307293
2.306962
2.306630
2.306299
2.305968
2.305637
2.305306
2.304975
2.304644
2.304314
2.303983
2.303653
2.303322
2.302992
2.302662
2.302332
2.302002
2.301672
2.301342
2.301013
2.300683
2.300354
2.300024
2.299695
2.299366
2.299037
2.298708
2.298379
2.298050
2.297721
2.297393
2.297064
2.296736
2.296407
2.296079
2.295751
2.295423
2.295095
2.294767
2.294440
2.294112
2.293784
2.293457
2.293129
2.292802
2.292475
2.292148
2.291821
2.291494
2.291167
2.290841
2.290514
2.290188
2.289861
2.289535
2.289209
2.288883
2.288557
2.288231
2.287905
2.287579
2.287254
2.286928
2.286602
2.286277
2.285952
2.285627
2.285302
2.284977
2.284652
2.284327
2.284003
2.283678
2.283353
2.283029
2.282705
2.282380
2.282056
2.281732
2.281409
2.281085
2.280761
2.280437
2.280114
2.279790
2.279467
2.279144
2.278821
2.278497
2.278174
2.277851
2.277529
2.277206
2.276883
2.276561
2.276238
2.275916
2.275594
2.275272
2.274950
2.274628
2.274306
2.273984
2.273662
2.273341
2.273020
2.272698
2.272377
2.272055
2.271734
2.271413
2.271092
2.270772
2.270451
2.270130
2.269810
2.269489
2.269169
2.268848
2.268528
2.268208
2.267888
2.267568
2.267249
2.266929
2.266609
2.266290
2.265970
2.265651
2.265332
2.265013
2.264693
2.264374
2.264055
2.263737
2.263418
2.263099
2.262781
2.262462
2.262144
2.261826
2.261508
2.261190
2.260872
2.260554
2.260236
2.259918
2.259601
2.259283
2.258966
2.258648
2.258331
2.258014
2.257697
2.257380
2.257063
2.256747
2.256430
2.256113
2.255797
2.255480
2.255164
2.254848
2.254532
2.254215
2.253900
2.253584
2.253268
2.252952
2.252637
2.252321
2.252006
2.251690
2.251375
2.251060
2.250745
2.250430
2.250115
2.249800
2.249485
2.249171
2.248857
2.248542
2.248228
2.247914
2.247599
2.247285
2.246971
2.246657
2.246344
2.246030
2.245716
2.245403
2.245089
2.244776
2.244463
2.244150
2.243837
2.243524
2.243211
2.242898
2.242585
2.242273
2.241960
2.241647
2.241335
2.241023
2.240711
2.240399
2.240087
2.239775
2.239463
2.239151
2.238840
2.238528
2.238217
2.237905
2.237594
2.237283
2.236972
2.236660
2.236350
2.236039
2.235728
2.235417
2.235107
2.234796
2.234486
2.234175
2.233865
2.233555
2.233245
2.232935
2.232625
2.232316
2.232006
2.231696
2.231387
2.231077
2.230768
2.230459
2.230150
2.229841
2.229532
2.229223
2.228914
2.228605
2.228297
2.227988
2.227679
2.227371
2.227063
2.226754
2.226446
2.226138
2.225830
2.225523
2.225215
2.224907
2.224600
2.224292
2.223984
2.223677
2.223370
2.223063
2.222756
2.222449
2.222142
2.221835
2.221528
2.221222
2.220915
2.220609
2.220302
2.219996
2.219690
2.219384
2.219078
2.218772
2.218466
2.218160
2.217854
2.217549
2.217243
2.216938
2.216633
2.216327
2.216022
2.215717
2.215412
2.215107
2.214803
2.214498
2.214193
2.213888
2.213584
2.213279
2.212975
2.212671
2.212367
2.212063
2.211759
2.211455
2.211151
2.210848
2.210544
2.210240
2.209937
2.209634
2.209330
2.209027
2.208724
2.208421
2.208118
2.207815
2.207512
2.207210
2.206907
2.206605
2.206302
2.206000
2.205698
2.205395
2.205093
2.204791
2.204489
2.204188
2.203886
2.203584
2.203283
2.202981
2.202680
2.202378
2.202077
2.201776
2.201475
2.201174
2.200873
2.200572
2.200272
2.199971
2.199670
2.199370
2.199069
2.198769
2.198469
2.198169
2.197869
2.197569
2.197269
2.196969
2.196669
